2000 3 0.753
880
904
-443
35
1849
-627
1224
-755
-1591
169
-1475
-32
-50
513
-1100
1365
1764
1802
-819
-417
1126
1866
707
-1447
-294
1656
-1816
-618
-630
1768
-1127
-721
1352
101
1704
1675
-1412
-1559
1382
312
-230
1431
1869
1919
-305
-731
380
1796
-689
-1572
-1574
1597
-786
1668
-333
-56
1985
1889
632
-1640
-836
-419
1718
-760
-104
-1850
1931
-203
1715
975
103
-622
-888
-8
928
783
1430
776
395
1545
1468
-1409
-650
-1563
705
309
1432
-1607
-53
-402
-1762
-1323
1364
608
-662
1186
-526
-779
811
-918
-430
1682
1694
-994
-1531
-1249
734
-376
-780
944
-1099
148
-1557
1948
1669
-951
363
-1445
731
-1605
-168
-478
682
1759
480
-55
-361
-641
535
-1575
903
591
1957
1554
-1484
-1901
108
1196
780
-493
-1339
288
212
1068
-709
630
-544
1698
-702
340
568
-1374
1979
-1050
635
-1702
-591
-1208
90
-20
-1692
966
963
-915
1512
793
-976
-1158
698
1902
-178
-754
-1481
1972
604
-1166
1190
1846
-1521
-1553
1853
-796
1414
-1649
-1006
-98
-740
-1687
1611
-445
-1681
841
53
1987
1842
1045
-727
1406
724
-1697
1346
1574
-60
-1490
587
-632
1980
-1045
1012
1766
-349
6
-1407
-1084
1632
-1128
-1349
280
1129
-1257
1875
-1707
110
-1712
856
-1023
-844
-856
-525
1930
133
-485
-386
-249
-749
1088
1194
-352
-697
1954
-719
886
1409
1133
1369
-1966
-1679
-746
-1599
983
509
-86
-1116
473
449
1381
-439
1
235
1291
1520
-1807
-1385
1967
273
474
-365
1956
824
716
1270
-1827
-1052
-1585
1807
1127
-1098
1841
-1620
-1007
-942
-461
-1466
-889
-1651
-862
-356
-35
-1709
1580
-1015
-989
-1136
1017
-1157
1284
637
-1248
21
-1421
370
1377
407
576
-411
-463
-811
493
736
1854
-131
1658
1332
-117
1347
-598
-847
790
1288
601
-176
640
-1568
1845
-712
786
-462
-318
-1191
-167
1131
603
-339
-568
-1041
-734
710
-111
517
656
-860
1873
-1979
185
773
-1870
-1511
-1025
-39
948
1466
1828
1566
-905
-171
991
917
-364
1977
362
-1792
247
571
661
-1036
-873
1952
168
-557
-46
-1148
-782
-1419
-1493
-1856
-1063
1959
-1162
390
-1156
201
-215
-169
461
453
452
1246
-509
-1938
-793
1331
54
-1788
655
590
445
227
-1044
-1294
-1985
-1219
-1258
-1139
1503
-154
-149
331
-1611
1376
-366
400
-1366
-800
1590
1052
-24
240
-1415
-314
1633
-30
180
1607
626
730
137
939
-1909
-107
-940
-996
-286
-1185
-1735
-378
-1595
-1835
806
-833
797
1885
735
1789
-1787
973
334
-900
-548
1944
310
719
-501
115
986
-1547
1076
-1130
-1618
183
-504
378
-216
1426
467
1504
722
1508
24
-1303
-1030
-1906
1280
-441
-1022
1283
-884
-488
-1086
-794
-1416
1677
283
-1977
-1727
-482
-1332
-150
-1813
-1541
-351
-958
1719
143
-1103
-302
-899
-1427
-1845
252
1923
-1480
-1722
606
-554
500
794
-1919
854
-518
1587
-1592
-1756
-1954
-74
-589
-71
1895
1187
1080
-1936
-1532
-611
564
648
570
755
1907
1209
-1373
-37
-1823
-565
859
436
-1473
-1205
278
-1945
-1703
-64
-1081
-511
-308
1113
-1565
-1343
64
332
502
-1989
-999
385
-869
1235
-681
-654
-447
-766
985
-188
611
-634
788
-1215
733
409
-637
408
434
1635
-332
1302
-1745
-1296
-588
1992
-1655
-469
-910
-1122
1724
305
-287
161
-737
-137
1096
1816
-233
417
-28
-602
-1458
-1422
-1187
-613
-1522
321
-213
1601
-1428
-741
1240
330
-1183
1459
1158
-599
-253
-23
-83
1974
1230
609
-27
1709
940
-1932
-92
-534
-1960
770
424
-1877
753
-259
37
-1119
2000
972
-317
1050
187
1681
-679
1870
1817
-472
863
195
140
-919
-866
384
-1670
-1538
-1224
-1849
-1768
-181
864
644
-1111
-1382
1102
1110
1410
251
192
1726
1475
163
-1057
-946
914
-473
1642
-1784
-1755
575
1776
-1577
1037
-368
1210
-1291
1939
-816
1253
1460
208
1541
-1666
649
1201
1534
-1077
-1778
749
368
1392
1041
1446
1929
-528
249
157
-1742
498
1231
-476
-502
-1348
1274
-1472
1494
1038
662
-1662
-279
-1312
-1855
1228
1079
-1105
1531
-901
580
545
-1971
156
1081
787
-570
61
-759
-1534
153
1839
-1198
-1684
-132
1151
708
-1290
1958
416
-984
-729
316
-1209
-323
-1313
366
-724
-1379
925
43
-1923
-1039
-1622
-321
-1550
1219
840
-348
-344
932
-1405
-1268
-566
-1211
-1549
13
-1887
846
-1986
-961
-1583
671
75
-1372
-649
1628
1180
918
-937
-524
1048
-1840
1623
230
1946
1894
942
1514
515
-1212
-578
1320
1558
631
1551
188
594
-1432
1630
1970
1651
-547
-1933
465
-87
-839
518
1440
1372
1804
1465
431
-58
-1820
-1884
1015
-623
-1443
-140
-855
-1292
1701
559
-42
159
627
-435
328
-431
1490
1516
1003
1181
853
-360
-761
1855
-1056
-460
-337
-1451
481
479
1613
-142
-1196
490
-1903
-669
1384
1707
-1491
505
441
891
1340
-1924
-392
94
51
-956
1060
-1154
-1910
1026
1997
706
-1606
933
18
1444
-1536
867
1510
1672
-1230
-468
-123
-750
-1381
-1243
-883
-1238
-1469
-1805
-1115
-1529
-1267
-854
-284
-422
664
802
-868
-863
582
-758
342
768
202
-269
-1751
1729
-1564
-151
1922
895
1100
1652
1152
-1113
-1885
1620
-1072
1765
-1776
1592
732
526
-603
38
-1106
297
-1436
-135
45
-296
1356
-274
1829
1014
1467
-1683
-1737
-1929
686
-959
372
1627
-99
239
1908
-465
1582
1170
1032
-892
1317
642
-187
-63
-1003
737
-166
-707
-1121
1945
785
124
326
-173
-454
540
360
-31
623
1986
1178
-686
-1476
118
-1351
1552
-1017
-1391
-1815
-331
-1566
1899
1562
-1902
-1514
833
-953
-1061
538
1167
-1513
1358
1208
-41
1880
491
1843
1629
-966
-1194
-950
-1064
769
1001
-1720
-1560
1188
1717
1434
625
-1246
-136
579
-1354
-1329
-861
740
1462
1000
1119
1304
246
-14
-1759
-133
-1942
-870
-1001
-674
-436
962
-1822
1877
-1117
-628
-1654
873
-17
-998
1121
92
1402
-797
1128
534
-914
537
-1260
1998
-237
-821
1214
-1070
33
-115
-537
-264
809
-1037
1328
-917
869
766
-857
-1315
870
1705
699
-842
1294
-373
263
-408
-1708
1189
-1828
1653
-909
-893
1965
-517
-153
-1004
1419
-1899
81
358
1961
63
1474
173
1388
48
-393
1361
1120
-600
1748
-437
1713
1619
1363
-1889
-1222
1139
1443
-336
-96
979
-1734
1173
-421
-791
1812
-147
-1658
1800
1389
-1875
-593
-1040
1688
1405
-1757
-1439
-692
-610
541
-659
598
-324
86
-643
-1859
-805
1526
-1834
1051
528
1806
798
759
618
-1334
-1232
-1386
539
-124
-320
1077
98
1211
-1000
-88
536
715
425
219
-1711
301
1801
-1752
1663
1310
1595
193
-773
762
-533
-1175
-1858
-992
177
530
1583
245
-753
1348
1271
1354
-1368
1509
-200
-477
-75
-849
-1497
72
-61
-1955
1411
-1265
-781
997
600
1387
1756
1394
457
365
1149
-1959
-161
1916
-416
1204
694
693
831
919
-358
1084
-1839
-995
-218
-1981
906
-1274
-457
-1754
1368
-569
-1957
1053
-91
-1496
-891
-1051
1124
-785
319
215
-1535
428
-130
-1055
1393
1691
205
-158
-715
404
543
-718
-1706
556
-1239
-1675
-553
-1586
1938
-1589
1697
865
1492
199
435
-1104
58
520
-1891
-1437
1165
634
1901
-1438
-835
56
1570
-726
651
499
-1082
701
832
717
1577
-879
1622
817
-824
-640
-670
-1579
-1032
723
-196
1700
1995
74
929
-1060
-788
523
-354
-1533
1549
845
-1685
1125
105
971
-1273
-1676
1615
1095
1586
1646
-1551
267
1702
8
-303
-1934
659
658
-90
807
-301
1004
293
1960
-947
-207
-121
-1631
-666
687
-912
-382
-309
120
-125
-6
155
485
160
1303
1936
1862
-1459
-1433
1398
1648
-372
1747
-584
1074
-1868
-1399
-1749
-1525
1703
-904
1511
1763
-619
999
1491
-1013
19
1013
1906
356
-424
-490
-1008
-814
-433
-809
883
-1804
-1360
1144
-316
-1894
-1259
-1774
-1880
364
720
-113
-1048
1009
1010
223
-1125
1315
673
-728
-1358
-1806
1480
-1665
-968
-277
-334
-1287
398
1820
-1202
-691
-1969
-1094
-283
317
30
471
382
583
357
-1389
335
-562
-1330
1461
-564
1716
-1797
557
743
1086
-801
-1147
-1518
-15
1233
763
-1866
-1378
839
-500
1499
429
-1699
-244
-427
189
727
-1596
1308
482
558
-272
-971
-763
1341
1772
911
1671
1277
-990
-774
-943
-175
-1233
1182
1519
-1785
1036
-955
599
468
1268
113
-1782
-505
1604
953
165
-1455
-499
-949
-116
7
-134
-1470
337
1649
-1995
-109
167
-1890
-1498
-288
-1408
-405
1064
1529
1555
-978
844
200
1625
-128
1741
40
-1400
-1987
71
1774
313
1857
729
774
433
127
-1326
1536
1971
-795
-939
3
-1089
47
275
-1134
-776
620
-1527
-751
1886
-1444
119
1599
775
1865
-1558
1982
938
-608
1984
1324
-254
46
1105
927
823
650
-1096
922
1940
1269
-1195
-1168
112
423
1395
-532
-1928
1227
-1740
-13
-1798
1824
487
1049
-1278
669
1236
-484
-1137
-1825
511
-1307
-1613
1727
1745
1614
-1617
96
308
-1114
1473
875
-725
-1598
-1871
1072
-260
1025
1301
1442
-189
-1777
-293
835
1533
-397
-664
1832
1808
-845
-1643
-11
-853
-448
1273
988
-1616
-1669
1797
-319
-1627
553
1871
117
501
-876
827
-867
702
-704
-1442
-1120
-1178
412
1844
-428
-487
-851
-574
-695
-1010
1043
-1808
-1425
899
-722
-671
1396
324
-1495
1837
-162
-1452
1810
-415
-575
1042
1282
-438
-1744
-1664
-1263
-885
1999
-1054
-1486
849
174
1239
-771
-1652
-242
-18
624
-1939
-1483
1732
1921
1792
-202
1171
1708
555
818
497
-1356
-261
426
1947
-1539
-1133
253
1784
-607
-110
-1145
1612
322
-1429
-1831
-29
166
228
1117
-1507
-1623
1044
1486
-1968
1318
1822
478
-799
-1182
756
912
1427
728
1496
-1883
1905
-981
-561
-275
615
1955
1057
-685
-1019
451
-232
-93
-1790
-1975
-1526
801
134
-1306
1809
1793
1730
-1984
1565
1550
882
1242
-1242
186
488
1425
1674
1142
387
-739
-413
1563
-803
89
-848
-882
341
109
713
-1457
-426
-837
-1328
-1824
1099
748
1942
-762
633
-21
1617
-1925
-1964
825
1606
799
1518
1172
207
-1479
-440
1011
667
-59
-1342
874
260
-571
1238
-146
-1078
1786
674
-1976
1412
-108
1483
-328
1251
1097
1226
203
-540
111
198
-1174
1327
1848
-625
-1657
1664
-615
-1528
-1149
495
-1570
1469
44
-765
158
1937
504
-964
-701
-922
-299
-1530
-1227
-1210
-638
-315
-1499
777
-676
836
-94
-775
1711
1969
-1718
-1053
-239
-1124
1888
1143
1693
-54
-1552
-1431
981
265
250
1521
-394
-936
315
-1796
1879
-182
1830
1758
-1080
175
1535
224
1589
851
-886
990
1544
1031
292
432
389
1353
621
67
-12
1950
995
1008
1109
-549
-529
689
-859
-1578
1927
243
-1062
-1542
1881
1450
1542
-550
-1097
-624
1024
-1403
-682
-742
-3
149
1530
-357
1975
921
1978
218
1111
-1848
808
1390
-1029
1289
-1641
1559
-395
1229
1581
503
-920
1323
-82
881
-1279
443
892
1407
52
1007
-1717
-120
-1593
-772
-1298
-1502
-1900
303
1573
-1705
-1320
11
299
-192
-954
1819
-960
1169
-988
135
-235
-1800
-1485
1285
980
241
1657
-647
1856
-852
1019
989
-105
-1073
-1371
-1851
-1223
-1341
-1449
1056
388
-263
353
1990
1898
-1861
-1604
752
-1344
-581
-1464
-933
1264
-145
-1677
-391
-1376
-341
803
1114
1847
194
25
106
-601
1457
-1423
1751
-1690
1655
1448
1355
1489
9
1983
-1634
-420
1063
-1628
1575
1546
197
-913
-1723
-89
1357
29
